11183411901
69566198557
74689692984
20049836454
30910071475
31476583634
89645156451
56426038405
40445660732
50397716132
70886383741
82724906318
24291497721
77151860642
07253076213
90911808791
49383777268
68374395929
55284681194
89211127131
62096255878
26176967331
84759865205
02776203852
75649339852
59157613556
97828763910
20414956822
32414380160
11216890077
87575072425
88354667500
21405371573
78367410960
80290975643
08840494534
21710370839
93437374651
19438813162
35534338181
17430026958
52142194595
52687548606
92442188568
47323801396
05689801146
54025509204
58300367378
04873653186
68324250052
25614861381
39270733560
66900583145
07171100281
18207667545
33664318213
09926908093
74247102336
37821976196
23854395873
86884113590
70546768587
26115513581
97198975615
51248532432
33883372331
65999044651
13275502382
52576010507
36428770346
76681964925
34658157472
03077687669
21922290440
28686768091
39812377704
59035956969
27795188627
96109589080
73860495030
00689290411
32649604261
58311796372
83445910827
71207070697
66647375861
56683555868
85893945003
35763523579
08983661338
15858699413
78829111121
51774621877
87281494541
47455005859
87478624265
64526482799
71917488199
15201495924
12398772743
67246937736
65882587975
70521667504
61595905350
53751506566
63643912662
98113643780
16464769498
71705526719
56393734250
66267017013
42892213309
87152191028
42871992597
53900355733
46190112748
72427828592
32770889922
01138918947
27835698850
64331708932
95678275134
06812855687
24571265293
44485746489
25993849972
46938395045
46509443431
10096419939
78213471050
31499424383
96961144856
40841035590
69593148396
09850192464
03707731785
26598523381
48769320608
48380807168
64285568233
17932172969
55996280979
95793581587
04387386208
94979077537
98820150959
18352758970
81216854586
05636333358
57081314523
11168710942
67882442920
84322045988
43165748600
64165386528
86834606660
31002045898
51281380420
62774681730
55170400742
48387360727
68140213369
64469019781
37666081112
22003763900
65185114635
77370156192
87449387142
97571639780
32429802213
78642726452
53241956983
33077867118
61184702211
07795920914
52714664543
89317987056
01611283069
92638709365
43883680533
49997184477
27644944467
56683313332
34152180671
39053481456
37295384014
51266684564
55655377207
70565612802
64881736892
83425425328
56813202941
35549821838
84191090161
68324943983
76275519694
22214432521
44469772712
56010208734
08246919368
18771323055
46193203516
56080498205
92859913845
19704274538
25215912413
76164959957
53697274171
87171750085
11111842537
46659702359
60974394491
62289487389
02952033349
46689036892
55361373604
99329649487
81051400547
98588992392
95191892020
42822105889
28763139920
58284603896
23995755347
68744098693
31432888676
98438532490
14255333647
58418389398
97913274873
00897810751
58697770326
69632936586
61064437669
75780676435
49769597630
05687559242
63931368413
21433376311
88461918632
47969564440
58162471040
77875063451
35582448253
99312607729
92063242142
14566434814
48475810751
88391344741
25973242571
05115360430
19589747712
56435548298
18813914374
66442326356
17777764830
19844318830
46219609712
16475288862
87494269091
58783307553
10962399964
29349034038
61054508817
16887184315
27411566280
42668114518
06862009942
48513344448
47208809701
91696574806
90329907867
70190807302
53256358595
17917878937
05791663971
03855301401
68390884977
19084736123
64069933401
68309461933
72623736909
94240979412
50344396828
02807573973
59904723514
01795223103
31664462009
65541419009
99542829958
40747393976
40192358710
42391058691
83477940755
74258404490
48552068911
05090510848
33867674560
83082008261
87058944454
13518237136
32296299040
38425938370
80250424687
99063906106
36902162517
41406815348
05348813351
92310878350
28992856338
12236572773
63045590243
23521350316
26586915973
52427604791
39010276348
29374926972
08401019602
63061169619
78222520027
75761128522
22266185335
80421354809
88358649250
41319933119
17201437621
34127511753
00878911809
03381133953
36793557207
45079739207
67445908627
75327103054
03550058816
29117233253
65144761202
46883521056
37925000333
15148883956
70831914977
56064008106
68021681368
37516867420
16391740138
12607172829
22393539676
17809381956
95522542701
77524559979
55373291271
31849365768
28596875342
44766732063
53438930452
18208482874
60831383653
85997194378
59497063145
59454868332
04073048324
86867600452
98927838025
42842153361
60358761876
53679302643
00095914536
89724483241
50535010172
56021948695
87379926405
78094977864
28827619791
97604191963
91460708456
68957992281
41243930588
31569107691
04642102281
85051948522
27461049304
22984095621
29958381102
98807917346
88488371590
56249846259
23997687955
43765068940
76988595388
53919928361
02728284609
10759670083
76774547222
67851039054
47405612449
83169641066
05907403985
37440557033
49831352331
30483991479
05100696038
80365656021
55999293197
91574380243
79616439427
52707776069
60210380032
62374300946
52805084652
24049527157
72386799685
43917102979
26099919544
03504715522
67247843024
92061241984
25520381653
31005154266
32667909716
25370095604
27342871557
25039472146
41487375510
69916998373
14211968999
31406278814
26328922685
96333071815
67391010081
94506003456
19242950351
50875986201
05136421393
29720650340
89603641951
45949208099
70795639763
76809072734
08811257201
93411983827
17223167702
94639788649
61692481231
13884766494
49707006206
42665435194
86753116710
38976500074
56426691610
12826466761
97714753603
35333102612
49007732545
26414208499
09453892160
37513066432
15701732297
79501306692
45127347382
24129556588
07421293959
45101418221
85212050432
09947409869
36095236502
69234294367
61786880131
57309402860
41456693973
64326307868
82199132198
42977912992
01138305960
01037162584
25557861342
21900100964
72097633778
17670261822
15236023746
61233454481
36651137733
16027478465
44326685749
07605366432
75757832012
39621468340
91210662727
22488132867
01062227686
87829402493
26698886080
66120478377
68341826712
79367006273
61643946132
12966535157
48830681714
50610426855
31743416214
37073257479
45942291139
56305217049
78175722148
40832713962
64881095772
55348332988
95374035138
95175243241
65876080993
01447578788
13886839104
78141169119
50002857799
49264018656
37339300510
50634115119
84874583858
92036442134
03714530217
22234458360
34581427279
66006746678
27835940014
88232213452
87051422594
25377491853
67378344328
74778924601
31471676248
23452059779
53406656081
08131089379
36879510473
26214555095
67724437821
69249131589
65220227178
78490788888
82371628684
17333250049
90600144031
66918545436
31742241539
30496669172
48820827621
06755818471
32480032836
15797841692
50562369436
77525586275
75895833349
20346620223
18698533167
36271162352
75318307653
13554869485
88815520907
20052436664
15168336373
66926853463
82770292322
05877641376
13869600544
24317297413
61960999111
14122790492
64007406795
86793112246
28666472078
51511029635
21675575878
10552811330
64712519454
67452105568
85827913479
89187391057
06122354670
21053537283
71262199373
59319708659
02339016150
25616315387
52650995735
55048517160
45563348267
24112911960
06931233937
34407713482
36838015358
61083458708
41923984936
35337328617
13893850879
57808969378
96580343211
17445634861
10777290427
24934464975
08825397126
86682507617
31437602752
84895146143
04416903421
08520220678
01627744186
64606610123
42202248716
97916760768
59896626967
16883183307
21261877759
33272418496
81834046792
10007364920
43648032551
45830375504
53670162002
42808326495
30187767327
67344720406
38009084450
19471954013
86811662933
18412934605
40797952865
96909973886
77006353788
54444375754
67400125834
37052029369
34289179450
67407622387
15124850025
58360947867
35035643433
17604247877
98479033818
44033454289
36273077680
60619788023
86717722672
16941870209
02672194541
99656636302
09604775766
09140510170
30432533944
96163268103
07011985306
03408367558
04971396431
81628170414
18661493508
83402600248
64686206397
42995344367
85647092533
46194242858
65856422857
73447069382
68408833154
45577542749
42686577140
41830517909
38975930993
19176721830
17720347510
95943437864
05287381568
81154364520
34212469522
57401941739
66740053804
93639168563
70878707721
54281247306
47821860719
63044898332
62241149360
66462363910
64289868077
93864569831
19271147614
71655201262
17364629589
92791799883
33035725839
48817774223
90982948548
78217806086
61383541304
70294583074
85112799696
02377981110
44965666942
54858424729
24896850360
92309445043
67342822474
79532281276
07813889073
66778448779
84061547238
58893169801
94830588416
40788098159
10690864260
24677216190
51255575771
96063126987
13518384502
70638327852
29631496712
52916342325
23394340658
76121166518
86607769969
85035970750
56792071332
63247350135
20357502821
15484835438
54453848090
81128776549
47580028723
40949840918
95308457046
63581201743
73581203833
73115347474
00202748364
28901521963
09189904740
90613464300
17745068796
90696838704
81531729250
92317289538
23879408775
71166032397
44795873067
75824533123
76561260855
16498428882
18239594004
01381571180
28534735085
91359286930
58238658014
98758004008
82979334691
90870341875
05794178153
23176636862
63777055251
16630963114
28468919476
30176234520
97950865065
10370388208
12163537170
55351827790
36170442191
76318879044
95920290612
66496830145
23528568336
84980657170
62447932368
25509887243
97800904692
31162701636
52373253693
73546848645
41688712040
55682470154
83043517827
54513714611
79890762098
60923653826
91567327220
71653003258
65498258346
56662486785
51998405005
60165839460
38600927669
96885107253
11227544117
83972983567
62629157951
12704142897
80723141162
76301416800
44709839544
03839869154
27689640288
32700173956
44114858555
59609867695
09783057947
62983166633
55607586708
84079402072
66805199874
21667630211
85147155101
99743162050
13755681682
62327240614
33572165944
46206251369
20846852480
09895260730
05571616488
40578309121
55984970685
64440340115
18037527395
65797591600
62286092702
57349348569
39095312289
48348707593
70719425136
60838878650
22353769577
13862087370
67230271565
03491093521
76272999621
77243714750
40682108280
02442448331
90089730574
17308215120
06204401029
44159134294
05191236968
71812736099
18010773867
32917610219
95980988427
94814805104
38308740558
17048988425
29223364789
43533039265
32751629567
72365915996
70684663260
48528621460
46354544905
58149103595
22214160712
56396432617
25262439747
50290061563
82650685314
40024929695
24984311497
20765664233
75736781287
76545386721
49222240063
35243382752
66237156489
72321163048
88136433140
34539683968
52478939225
90818214269
35823930841
23755550867
71415632962
61619905026
63172593663
21020528585
42402520972
96181560015
27794574181
89274907040
31915737698
22224522111
34476510139
66514133647
82149488728
56903211368
39091911232
74326469066
99626085044
23962705861
22368281766
06242197184
43269270768
83705957286
97665930089
89394072670
94109702211
87074841511
31377814976
56260730083
77369938442
54527751036
72225751292
51271501259
13537507822
96364889866
75414043344
68270152639
60621880756
65044560953
45070984177
14602433987
66753379647
57478821353
77022113625
66777039809
50238308489
76773788370
57986329911
01950899650
74603966441
75238301894
44574336990
41540414238
61233915713
76038538834
71925272122
94965013463
89050127408
62715104615
74736199471
93990485266
53954178665
25590266334
81287224223
10285007333
37406749011
57126687330
32234746690
74790685811
39674926967
57036238246
51024994000
89471499667
30629329481
38226883188
90641041937
96498725605
69824810968
29376162416
13982734664
83969001220
77173083496
92574529142
82175967420
36919243132
78878038031
51175866073
03687632220
41107998790
69996691737
51700122555
55190665353
56207362886
54918502012
03412380146
95035827925
33202690472
30611056045
56668771426
87660550087
73367341659
50264086711
41998555722
40256718715
92679155887
46768267531
69539479118
10960448220
34234253760
91864685745
49186169509
58819807951
88810487627
19494925270
56304288068
15771429284
39527421098
60206428083
98410355843
02078554965
61376406885
92928790871
00593885548
05679840703
94581258162
14384776271
39942037685
81434398406
