735617445822
930435511573
837949167781
382840350665
207737620830
154032881300
123049062003
794439722298
397974970493
401621083393
496898555838
388638398970
775092675247
630352561872
904449227090
174430871765
825309821393
359185008349
858414759198
627036742948
535427043915
390428153584
768306929231
953002449346
447149962715
255673506025
749676427271
823275340998
170488973834
473437404795
993534896060
933964605235
757512761145
026106224266
695070894018
123510925478
134144500753
675733221040
775903324514
316671133634
702622664980
888107967424
821622361631
864950049157
688046427255
316592573142
124654655929
022768031693
625748092554
678709057644
059205719459
580545020770
808945825510
834850456292
388765421218
313437787473
316243372417
489479801860
227365623974
975055581058
986884821489
016655492433
907418649418
909955099826
253427783313
358765466792
946758916684
553010022728
005477019130
239329323457
767491935250
259044757672
086513645804
366070630365
023384135634
020937359646
537115754132
944106034488
039049257753
145367289908
310681019762
261986365790
432056921540
936597369998
449424517392
044971743424
977285744613
801771033839
908254504345
773457141002
793553541932
649266817278
139200640045
697467795746
181523938024
177095532566
822133821134
080318095062
866833849643
868217594463
797263176086
312166590401
028079465863
677532964188
086553433941
692938458710
659722237608
875302998686
184169049154
244730223472
336565945620
529991315563
415098733348
855560175321
756040023087
448938719572
787805484481
443128415081
901043944511
410662534721
847338427617
045171693860
292757422539
326535639532
810202329435
650762530166
572551283938
339951333793
509092581425
105443351883
390200493857
932642852246
386689832894
209408199029
537600640810
320690503446
319809483981
230471899355
854187193207
257282679413
789126803372
299183128795
453491230157
044035854921
149880827838
697696994511
365885104832
249402025315
163834723747
640831138483
773770437067
218042145054
249244541041
343707787570
419114138155
118232607641
062779057691
534685248444
061441561371
265287673604
573422114893
745923224238
165901364850
178604991834
686792638318
451507527947
529771395282
746458494923
492795785701
495312620297
969069358290
728148062968
937228593545
515338722203
357392260214
520047473765
130073406485
183172370117
031234744844
645291851176
180439161894
283159136577
932775603664
788089936082
660327488914
479629963122
510676293539
995747615408
762455938211
341456041090
346943337329
751041595318
279907269845
575252740038
877001694179
458575204222
663182792889
922246012475
652475600182
390635780292
877722012086
398739445868
421184310962
842202187236
131587397385
940525646025
081558566986
977424539701
203432297991
889238317197
640129792101
314157030427
213330676282
245017336203
581245193555
599258836221
842729404524
897908455144
105083773158
759252956946
409700444215
992228525730
898420753632
661815012092
326499830985
450300167271
376760465629
546564394120
786458260991
158832875172
567510726684
468886526145
955881517619
321652336329
434362973387
256378338284
244224814037
993336809106
070734605132
659006093118
451162015057
103449890086
954877412510
729803254523
442659872916
157959545937
486427332573
307411174025
865701391940
123409303249
299082385301
918313016165
363132697828
795661106829
682640638574
283485881172
526365750897
836708096164
056188346175
766209033218
260474580884
432914017673
502848378991
675115885609
174368552457
504954009527
166073040176
642928155597
036355535213
014658758289
197660330349
736096946476
979666109883
634465040815
991646464146
065403138759
353610304092
731413694976
726185419398
932362613681
444575834252
376903115830
732907137710
801607213444
369856805213
239293243482
487772144076
291637061374
580466664240
838968865848
688158328814
173098971582
573095229691
353860513236
908390443027
642479984979
904839428930
780429258480
083416060739
250034816797
030779717914
826241728107
722359253828
474850621549
155178751577
402986381882
222707071717
407673337601
755818863989
165508884246
124045186570
126777969570
349757153068
149097612320
038002582505
947375114128
071041242599
244351423485
775543758658
076910384422
535454791958
180515798615
030506268601
245541976298
961282253728
955326906908
344430257341
903204521234
577064110190
091511662728
048916434769
835930482819
662774859616
315915211075
967703079413
308976944769
853343987108
355711582999
515029328591
563472268571
703708013247
149966502805
663835283855
024691641829
859575441628
816387688606
965342386638
504488359036
509573342891
752000896930
168964470254
920925670449
579766853023
142618758269
017687641173
363771524466
854871459947
220141823491
379847029525
719297771902
981341220832
484158659284
797076499688
010296909970
188981945239
422723338820
864750578052
085681884673
523344149708
735544440156
720102448736
973704878418
419941906103
301385422109
504051960998
659065251404
988757261852
067452412689
054400156304
244739441618
671947531690
248024381378
265328963688
441536753701
475697786528
800391654614
135027802344
436421568279
441396474509
273372223669
435762647599
201783249586
781948388334
719502665330
604536226834
788633726020
033565450687
049669053560
562402249975
838846586024
527405338072
012058039543
547966482327
319315135557
014245879360
724897442078
211852597395
914429622174
081637606974
672633711390
711699833812
301198689569
616190585950
215578780675
454582400543
012916769411
895337120565
622638336744
204722893249
032485634728
452453930280
265879009067
274196984345
696239016462
963849713796
964938872778
315991662105
373790249015
287519195202
263877164475
143437222793
325924021858
100034039539
986366941885
381575330895
692047202640
984726551270
989733088355
960778786481
305875717985
884304567344
346252987780
502390229407
913416002255
051975025066
695516285235
889700217894
356870876267
720452725643
458950289461
807138493920
025241222132
140661699666
119345122407
948599442118
212115594970
834142501115
529889524340
951069142153
911299303173
352674654021
701732107532
801092118060
289623749143
036679169339
046126525775
287353328359
764674715584
684718355968
210779057381
727346299453
289683983044
568347880887
366937222379
417740948541
553755259938
475504751830
221173085997
689989090924
912212078691
413393148541
223570999067
686040616911
161053597779
850360482752
377252124535
712066275625
835581308117
394331392590
255137021030
033493371506
022185005252
008655631444
028968236849
712601090947
298643146989
246517157403
959009613883
037995632096
091422952052
840493438589
908940567080
780055427018
674953099266
986954969618
761724867049
106563819956
555226685104
032113119885
520071981787
633050143407
726334724622
739573902863
813748962311
047468457470
300341176732
845028094710
008317071888
378043358708
577170984617
837014716059
489357090783
762175954315
355462231945
553630387228
988514355126
318273118769
993516183816
686978431479
740876899815
715620968387
223581061210
646150123719
531142027620
259766095160
702490322466
288211073249
873180149616
640963606528
195589421349
090179795763
041476723284
216341618924
638235076235
600729255950
126456323482
224855728968
910891751383
294709739418
617797513435
189688187424
560101291639
459665684885
510852697089
411522586925
336098292505
791215770095
328467943315
446905835278
577267169526
101975453778
571080914367
616426946489
318309974791
309122216087
760929778730
964744181034
513837159998
889488564069
206692133732
249139002321
492777276908
825198802237
509931370276
267248853877
180431697002
904157723027
599701658990
518496591528
844579282201
633098474249
062938462575
639454242712
498046890037
053926688419
696906895057
253741232040
472212996022
912012500417
286626000029
444693145601
530267948982
556149343246
291604135476
235689240423
312449558885
553947204357
794515043801
340268615598
465556864046
052408381446
520488178632
046012565037
660266603956
721695451369
840844935335
199931451570
535746014115
244483626574
264141064406
373413727679
156423712619
543385902453
550789767286
256315514158
901527171524
331133061314
132403440598
157902200962
021427536287
445888604252
732278892042
134161467852
413114485303
304200587570
289743617622
770391155914
163563759016
074065387139
159987378199
657090928224
206094311020
171956956372
123634975195
647114179571
599544717958
176997211826
946066088567
868307858012
767745822545
846147103798
883674612827
788164970211
879675068703
254646312697
177392306594
873999549379
422464247388
384022010675
859266110085
292015663490
955992515622
040704948751
550376061853
679998068384
301087400981
036317942834
297605500735
320582883431
126380259525
271787876569
708952786466
805642328986
667294946841
131876107554
180169959686
026944205036
975032162719
253120358158
573819914382
841571455805
812226002437
621095595410
867305751278
187787503914
585494174900
603942745956
115519290935
458888418660
044296441736
526798816541
765429451407
170320060375
002523474372
734644276258
839994925771
367878555027
228176078984
635562856501
198769237458
864161412000
277171907581
605860251795
277783658483
231497057211
434521779430
114463426564
752087032324
565940512920
011553455068
676006202637
787417105058
636904246012
471443103639
260688219233
758849293796
459421443774
257918669778
059405837540
025184384307
731048423590
966407861941
496371904634
117076517146
590796655358
467922437946
433308906999
986528775622
236493253739
321798528205
348164117765
747753059205
220449174057
559578359151
702824746838
461789082235
689550790981
746973303974
448629076300
175761444562
074191323612
096216604656
957083661208
266331562770
304724201775
622088682448
796062805399
875115267565
044772869315
303155729124
780082254098
654520451220
878251332590
024256691570
039552788447
083004992371
088335877956
708403261081
139021507970
905102848998
545639410585
394899529162
081252091694
857937043025
031695621330
369822760994
666417502732
183708722552
687769815921
106972028901
980622720322
399315217335
535214468467
785335947663
261969339346
063670630857
652406453829
716955811548
367022129009
374463812090
739579795026
966001336072
593243655658
561397268656
237080024211
906191676086
606618606623
951838390792
027899018472
380289623061
514925762068
763136795560
534843804445
652825770512
784548405658
400476652017
059070217455
489601499435
535537677336
780411666515
592987302599
194768566211
543668465247
878887481823
664796445869
625373028638
789172604867
432172491411
634841193915
026549468538
662959535233
258023655679
365415942413
040897914318
983872089926
183016427815
855727741320
302299189075
486494057657
267584694356
741381045716
248599121395
354022585499
459200100995
794759952808
453461948869
102111352501
388970512671
015810841531
571001163067
194264638152
658499764393
617867038167
924223236840
419445136248
692008539629
991298218383
352350397869
052450633556
082343779036
015580062518
872582981485
088054658774
773057136157
790464172464
781038643947
095187837786
354302822832
874238071584
797145741756
711903608574
638752523479
320444525222
177799978621
758021273279
050978651295
833224746947
268619662019
956099624609
361931837546
087756670368
669934299732
345122124631
666022023236
047266794716
276777439636
905654144467
942524342991
205207260848
082676073795
772771445530
210955719423
943121430772
492770956466
211196723961
282999519024
663704783840
897457451921
550246966791
095874307058
556892172072
914153333516
376110259122
278698226034
060590995004
651467874948
395288344167
188560586278
201068680777
674127437792
296876413722
423983619144
460173677017
538340236027
931708981751
624173678040
221809026853
421243379771
565159724462
643194757496
817326701614
995950743707
582348325155
129097845712
067606322367
753034520992
926485968919
751844006188
259884909659
024768435931
212229557598
469664788325
489045944419
162155718135
137084203770
287342169088
537954889398
703171618476
337472930340
006465309631
219471897375
616496437770
123979878489
044257025837
246450425685
380004178791
891299761481
976937128628
008009556263
562669125023
271353892043
144700623448
158883001363
153854507197
851786230055
604785867862
435643983579
754106239275
505790909113
184776410237
323534514324
092210803371
219147725882
149879606013
008432321706
152670172433
575471483007
296500735800
082529347372
770656137357
765042743366
145367146419
834021140235
223363637299
397002325590
290975205355
344584689923
039589245053
957268629013
649019043035
602141456863
580610041437
244416958883
403487790798
383702937215
349739771369
191042267750
416912739987
214657644317
137754222244
570920622637
739885118107
695144134798
981177858644
409488639249
326374433283
311649308615
105201296452
272915336438
349184144845
754232249789
339535184041
898855392859
397988010686
543130193689
821713550336
904457792883
250962853256
827797754732
269425108535
613263018332
751284620213
000325210114
619591687207
125445484120
168359968121
443394962235
957296337760
687498047417
191131566156
420404498338
968120427885
688146806227
372450569628
111907311657
926586850401
752219178621
022659680655
812484501436
508707994504
