+791756554609
+562708789500
+940493935239
+517378461278
+475791341922
+831259289487
+313126985546
+350754963287
+288652872891
+674085912720
+918571329693
+075377369646
+116705481098
+938882719430
+724795510838
+667208961701
+331140431789
+867957473406
+026097345823
+394838311435
+083096701275
+529023814291
+385327778382
+438178379887
+706210316760
+367574524022
+818341959080
+159241166104
+908678850544
+075682893719
+495068491696
+582582378153
+432060310323
+142427914456
+434502745901
+138979273893
+990883127616
+783867850920
+451335521892
+492194822292
+909859775767
+307300535430
+118285365737
+142319761444
+379877250922
+926894108474
+195667020989
+246644549677
+491597321203
+452606182861
+846601675760
+537810088690
+275953378106
+575060764850
+969709894311
+782168661138
+052316868189
+272637208653
+251934306743
+127428409019
+756034700166
+778542641124
+443331005643
+897490658817
+207226034900
+539781736505
+921613834398
+531054046607
+870922340442
+830500828317
+931487125174
+914948050437
+660051305469
+295992292580
+082905579029
+067982517090
+325293264109
+706819556743
+795040031732
+129419198909
+325321382684
+923202575925
+989963772525
+057868106161
+761018702452
+026014730023
+056642426593
+859763334555
+658076784305
+778353050478
+686145510365
+736582099555
+475463672282
+205319048979
+574709432463
+437992149931
+451424985927
+217956889457
+833823301374
+236226284182
+878222831353
+223815431879
+085924275753
+522701247519
+630786556208
+668646984245
+296025922000
+352957328825
+036871055253
+864795798235
+017831373761
+515810526002
+857930202689
+906905379107
+836621395385
+908687228371
+593812688569
+342004478443
+995367285244
+913074737054
+914875548080
+398590444370
+715709572812
+717341134392
+087807755516
+815567452736
+137020640270
+332498325744
+425065717255
+609794488629
+801656056879
+806701322894
+433708865663
+746680156010
+382855247245
+280233057788
+075465873359
+071638624785
+698937467416
+023704928097
+624014515005
+991753386443
+911029827621
+111574298569
+717493547203
+686103023437
+385504232188
+407142120737
+603694935276
+585200753850
+720100357848
+238825816053
+183270224578
+879358134121
+412645192939
+972566565490
+808681544201
+776987616629
+678048774079
+781675223402
+248191407186
+773023155036
+890208277922
+142142030508
+145235327323
+488415675638
+494711626402
+891325145737
+110944318712
+108485735367
+277003431678
+168431348484
+478899128716
+790551363862
+405390800265
+024587098560
+167164660742
+926113268420
+858629016666
+165659387040
+983288910793
+622840671892
+340592535319
+156486745914
+831945073482
+155614408170
+431802199906
+506904341891
+863214082354
+357483522748
+145626724408
+930794581347
+585950866749
+136077773862
+189102448518
+906352215627
+754024367177
+068923484271
+776156223201
+870539659786
+495028430904
+956041224714
+621543295246
+644315080183
+161502157144
+811033922660
+303643543197
+265161689353
+197760158310
+134609314908
+973089883840
+786874376274
+626448112683
+036087961337
+668321480137
+594184335824
+021676543391
+121428085779
+742933207455
+712323079487
+754870993233
+639099590317
+405076816471
+553509741889
+342176183928
+745694110509
+234663839142
+110255334613
+613776575450
+691629609550
+122511100342
+763319097905
+831875031027
+967326773712
+092847485281
+393220077133
+189760740794
+685106475804
+141455519869
+846976018377
+231924576342
+164605261510
+435301030500
+808737528792
+367709651834
+403679276486
+797998424053
+577063571276
+822045836783
+085244132863
+877556872992
+514596305131
+861209559911
+865617454439
+675111528283
+733383067882
+728912664810
+142705910902
+675138821652
+455992853380
+660307202030
+180129060531
+313290447912
+259995745946
+755950988553
+214998677193
+624479579214
+620565857568
+098540834739
+715845287375
+426055903494
+510014165782
+775289411840
+053648359182
+386206476466
+489880971308
+690126987080
+933650444621
+140283118171
+632984275576
+065928915059
+824882938039
+183154078160
+495779013648
+149566305782
+762724115832
+421300561571
+657196776296
+966882958935
+317241546746
+524705134362
+109127100862
+643020401114
+743010883172
+838812225437
+901613705853
+644103171336
+825902239014
+502544538217
+281489938849
+645552557685
+351049276044
+562180326870
+842305846621
+636412094714
+752413234625
+968301431010
+557767655002
+830033349120
+641807613802
+076834561331
+360028707438
+714866880115
+184365461712
+366761841650
+326773226860
+388616659277
+836176463455
+806127779043
+856909256884
+586448052100
+032377965514
+022366971128
+003487296615
+821412797007
+186718455941
+006847232509
+052267551549
+968082687484
+866701886142
+744512141577
+329512529147
+648284141722
+040699907096
+133888053203
+556504854375
+881455071616
+829868610232
+959831350990
+875136836975
+910047505370
+875260663820
+894265896559
+262730169697
+956114798669
+840462366237
+509915395823
+065660568693
+727972221559
+835010977037
+556332030475
+988206229992
+843572292065
+928716646737
+341576408923
+047045528962
+370873840132
+709056957217
+637574549681
+204201880667
+380570035007
+424042041843
+742645953237
+760967042549
+050276280332
+154917879832
+591041401770
+911506321905
+813497110967
+690184406372
+609575485849
+997386932401
+510122192226
+446754686164
+112774075319
+518251695200
+158097981702
+124415573764
+304294351797
+049133218909
+099646913663
+131086806087
+449308387243
+398931249298
+545475721903
+998057537155
+035923722369
+559286117989
+479754643526
+168599107898
+846028188986
+237975937043
+672609706039
+654107781129
+063244664196
+330606657039
+371355136583
+724559007086
+197238319017
+876288154110
+137176318188
+996760359928
+038406278257
+748022359580
+473299789726
+670958080341
+463809986307
+442404844035
+230443999636
+261343677201
+805431816257
+100837308304
+183062882039
+654998018485
+193914315359
+283154878833
+751737293843
+125115396492
+457482655540
+794951744453
+390166910180
+664855653785
+871854806570
+982330290245
+842092995101
+262430260146
+769170236048
+762133079226
+235031482267
+678491117948
+834487806423
+892955111973
+666998196808
+069736570332
+643973774206
+959962661217
+097614988538
+426975167351
+931252672713
+269664497412
+404159150046
+389013720879
+324729917425
+751178395100
+062755245724
+537689459413
+637165076457
+180505735132
+545598700530
+203390050877
+677319756134
+692519028022
+362432667277
+596402494306
+196371955789
+923308354301
+473667998479
+238163184325
+841742913762
+660993305929
+929997618622
+137417036319
+831982288782
+885913445292
+988012296827
+462288594930
+648869691378
+168878429459
+845715468601
+198012784701
+904989588089
+119209426212
+560764837577
+171865846157
+860044984715
+960989605319
+005050658208
+401865141004
+442879235698
+380069041002
+047172831418
+357083148859
+061499069049
+560188616761
+192062185340
+803772252494
+869697751455
+894710227564
+582193454742
+307346180490
+302019762554
+890849497743
+159610778604
+303348672582
+779642883049
+770447053686
+503692155745
+830346208581
+390573228888
+056467878103
+043511942663
+661536426251
+678915640513
+815725657247
+221621604573
+405503223464
+713321894911
+866100966250
+045852067311
+509597584166
+596567875452
+793666784140
+118016947410
+196220420788
+013874443500
+855670514914
+771006939835
+968581206359
+636250662426
+642956514656
+346762664084
+810895989374
+568186233326
+037865708638
+848757838631
+042021116219
+276235192479
+985112413838
+063931211692
+511231688239
+250116352720
+264044199406
+288473273159
+191720334850
+662898083099
+361979207766
+583827352060
+413466262128
+534804438799
+839935724013
+118385642230
+495125792972
+299391460807
+541109215455
+853621606326
+900340534490
+565802230724
+550522958315
+424539179178
+807879574740
+288771357395
+086646651697
+862455643560
+703627081831
+238233466712
+851797185657
+193676230161
+433795507948
+800974831799
+743008701074
+468540851486
+353529499465
+210832964324
+094599188951
+975595271737
+820317011655
+865407202913
+149627115329
+833758921374
+716452396435
+371669322118
+236407318602
+955009152849
+703954138711
+391105849338
+202573719093
+709040576850
+498934014474
+723490451583
+373493153695
+503865134194
+689818395211
+040195639111
+552833055127
+688816853626
+561816738322
+440813444376
+917293889173
+747052469019
+023792962829
+940931304993
+435183923461
+731912093361
+122714855803
+190904433396
+717689993285
+202137222661
+506813467826
+790361608813
+996065387957
+896503896180
+493304000021
+084230437105
+697337409422
+763118741621
+334155466524
+574961902461
+361887345216
+784924477093
+003180670789
+982438697911
+386581489761
+204361447696
+585307615235
+704050020492
+383212374239
+711471369520
+898054476052
+026479330791
+251034544866
+114869168263
+685507628685
+569051790380
+731539261189
+972519854761
+276947525931
+827029555473
+768436836564
+465232161996
+347922804095
+816302128152
+221746192966
+566389292309
+845110021818
+578921486939
+931201989836
+910089016716
+276028104434
+775226499688
+417032400182
+372125112480
+043982853900
+285176724236
+205079048005
+609620802253
+306267132585
+859360000537
+734925384177
+822024268986
+713273162292
+232114296734
+400085814726
+354040815744
+783292426791
+290754722686
+542120014159
+717313131636
+957679235635
+863587747609
+015345091236
+356451539531
+073943163535
+107442860188
+464352007952
+632770113890
+116704378130
+071309490368
+227605745174
+141045355166
+474643322245
+579873969130
+354654986437
+451410020445
+812828052899
+863060792946
+339510876973
+214921546051
+151978821476
+859283706924
+287185666110
+018013773827
+066340150154
+615492137446
+192842612160
+294592874122
+108534966445
+175694158781
+078002997170
+096339839415
+567679589387
+783260394786
+933712230267
+961046697744
+466349109129
+552729393000
+866196978203
+322724658357
+714580407593
+945127546283
+879761223022
+915963500343
+796919624040
+304805719484
+259464638257
+096599972154
+776766434541
+622690988853
+035983970369
+613476584467
+348515836004
+580398012705
+497289347888
+411080556548
+347366063559
+378906785470
+636171994912
+034978822377
+967881683980
+553649580419
+584537480475
+581588671194
+270344366078
+107756489692
+225660976099
+316511651151
+262846740311
+068493850295
+288815840166
+225377325763
+153230130958
+669317287913
+126572337494
+520998139421
+567848286094
+803029359581
+197594177889
+417361539222
+910137551887
+409154238603
+757385491754
+120685613914
+214121610344
+610607086701
+325208897943
+438783589718
+805357627908
+658324357375
+855133547252
+560074636496
+074240230247
+499390655078
+587647411510
+654892716019
+433640164667
+652757247274
+270698562563
+318711059132
+623791364361
+965531217369
+049037358513
+388161083292
+009636358324
+576450387826
+720510092421
+398363547921
+753894455962
+575188109793
+627118331259
+247604778767
+777632599890
+970980877535
+098315795089
+315957713245
+630594596609
+346931131937
+869724899316
+038639758495
+759207642833
+502520452218
+448080239446
+756807743168
+567870784174
+997745091783
+550737896702
+580057306279
+773042791667
+758030254694
+016305966401
+546297760575
+656672562635
+636495327117
+876679978261
+035363124690
+014889059746
+784675932064
+651338322365
+076381023504
+720006939023
+650469428225
+500590327094
+301455198830
+577467828831
+695955323031
+554804140859
+542705063684
+101361386922
+344571608137
+534178023196
+392500467582
+578571038599
+996408494703
+524779537541
+263580964981
+989122655204
+272163747357
+166636436069
+103980262728
+833717478395
+344555946494
+947807314133
+580829322562
+396878400389
+873696914729
+537495734498
+083891957721
+750659500287
+222329854638
+197896552472
+123922389200
+956399710650
+365957413797
+792890743337
+346445236152
+465634943932
+496865343539
+674687180918
+232666172784
+371666929584
+758385290156
+866544788071
+466070869904
+201900041306
+939775954005
+681687059621
+514372256619
+121266740316
+519499802892
+041331451591
+330804257863
+112291138774
+719169068304
+170206293278
+571175958330
+848511455566
+820255225620
+707756833335
+102519859649
+900151889940
+783523660524
+433065571480
+114749627655
+553397900898
+704703976287
+893046098173
+303707550900
+468720647988
+880859640842
+975360773000
+432023921952
+773775077063
+586121236443
+650513748167
+637672138740
+065136805404
+115634182649
+940107546946
+056791738484
+094748818708
+683023997036
+366605843767
+656298116386
+796066964440
+610664824988
+422977150752
+120656386497
+154655975222
+093934326807
+987045649187
+165655716938
+023057492755
+239894526834
+607029014588
+445788851847
+458129139469
+631511516535
+468419319147
+665386532200
+187816182483
+187395702979
+098108449176
+590218120717
+085941237373
+750362729126
+948726813495
+203653415711
+654064676781
+032565011110
+658606182821
+686315279295
+946630497022
+886434354203
+324612232447
+614803620377
+905651005898
+542489512407
+912841781441
+002441487116
+065422400465
+937024630169
+568987098293
+793308602280
+893395490602
+842020385186
+282181592639
+006510795791
+778729468579
+407793217026
+252473319459
+187570675127
+663644330716
+616789532539
+166190254974
+837199988814
+905114469843
+932500896844
+975215461523
+130213333777
+538496499640
+032997260535
+772954299486
+820887036909
+773335541857
+249885245879
+680240730893
+099448645253
+591605037328
+120008004356
+382601208157
+501248544271
+494742299313
+696408782734
+323128097125
+150872591800
+744220967498
+937252697906
+851555137405
+605944116263
+303068950238
+344520974904
+006205005237
+392392589856
+195201101989
+326411998313
+630945973049
+537603880566
+025024957018
+480902272601
+951497219697
+036910562330
+899662335487
+865808339360
+692131418505
+186978327604
+882646729576
+605445857142
+035431121605
+340019370751
+182576970876
+296628805400
+229831565599
+118927793937
+401392919323
+812303490464
+855922219358
+089078881906
+248119061727
+906528837600
+453905016493
+862027910234
+903191077415
+207072906391
+769886609809
+959745204381
+827022656333
+870612302340
+140104972622
+251602923341
+890797249996
+961953819596
+403500420397
